00
FF
FF
FF
FF
FF
FF
00
06
10
2D
BF
00
00
00
00
16
1C
01
04
C5
23
27
78
22
0F
91
AE
52
43
B0
26
0F
50
54
00
00
00
01
01
01
01
01
01
01
01
01
01
01
01
01
01
01
01
00
00
00
10
00
00
00
00
00
00
00
00
00
00
00
00
00
00
00
00
00
10
00
00
00
00
00
00
00
00
00
00
00
00
00
00
00
00
00
FC
00
58
31
30
36
33
20
45
78
70
2E
0A
20
20
00
00
00
10
00
00
00
00
00
00
00
00
00
00
00
00
00
00
01
94
70
13
79
03
00
12
00
16
82
10
10
00
FF
09
3F
0B
00
00
00
00
00
41
50
50
2D
BF
00
00
00
00
03
00
14
CF
B6
00
88
FF
09
27
00
03
80
0F
00
3F
0B
77
00
69
00
07
00
00
00
00
00
00
00
00
00
00
00
00
00
00
00
00
00
00
00
00
00
00
00
00
00
00
00
00
00
00
00
00
00
00
00
00
00
00
00
00
00
00
00
00
00
00
00
00
00
00
00
00
00
00
00
00
00
00
00
00
00
00
00
00
00
00
00
00
00
00
00
00
00
00
72
90
